462
461
460
459
458
457
456
455
454
453
452
451
450
449
448
447
445
441
446
443
444
442
439
436
440
438
437
435
434
433
432
431
426
422
421
420
419
418
417
416
430
429
428
427
415
409
408
406
405
404
403
402
401
400
399
397
395
398
394
425
424
423
414
413
412
391
411
410
407
396
390
392
386
385
384
383
382
393
379
378
377
389
381
372
380
371
374
370
369
373
367
366
388
387
376
375
368
365
364
363
362
361
360
359
358
357
356
355
354
353
352
351
350
349
346
348
347
345
344
343
342
341
340
339
338
337
336
335
334
332
333
331
330
329
328
327
326
325
324
323
320
322
317
316
314
321
319
318
315
313
312
311
310
309
308
307
306
305
304
298
303
302
301
300
297
299
296
295
294
293
292
291
290
289
288
287
286
285
284
283
282
281
280
279
278
277
276
275
274
273
272
271
270
269
268
267
266
265
264
263
262
261
260
259
258
257
256
255
254
253
252
251
250
249
248
247
246
244
243
242
240
239
238
237
236
235
234
233
232
